881,376
884,378
887,377
889,373
887,369
884,368
880,367
877,368
874,367
869,366
864,366
861,365
857,366
860,365
857,364
853,365
849,365
843,366
838,368
836,372
832,367
828,368
825,368
822,371
818,373
819,376
819,380
821,383
822,386
823,390
823,393
822,397
822,401
822,405
822,410
821,413
822,416
821,421
818,425
815,425
810,427
805,429
801,431
798,433
793,435
788,438
784,440
781,442
778,443
773,445
769,448
766,449
762,452
759,453
755,456
752,457
747,460
743,462
740,463
736,466
733,467
729,469
725,472
720,473
715,476
710,479
705,481
702,483
698,486
694,488
691,490
687,493
684,495
681,499
677,503
674,507
670,510
669,513
668,516
667,521
665,526
665,529
666,534
666,540
667,545
667,548
668,553
669,556
670,561
670,564
671,569
672,572
673,577
673,580
673,583
669,586
664,587
659,588
656,588
651,589
648,589
642,590
639,591
636,592
633,593
630,594
626,595
621,595
618,595
613,595
610,595
607,595
603,596
599,595
596,595
593,596
590,596
587,596
582,596
579,596
574,596
569,596
564,596
559,597
556,597
550,598
546,601
542,605
539,607
534,611
531,614
528,617
524,620
521,623
517,626
514,628
511,631
508,633
504,637
503,640
500,642
496,645
493,647
489,650
486,653
495,653
478,660
476,665
472,664
470,667
466,670
463,674
459,677
454,680
451,683
448,685
444,687
438,691
434,691
431,692
429,695
426,697
421,697
418,698
415,698
410,701
407,702
403,702
399,703
395,705
392,706
387,708
382,709
377,712
374,714
370,716
366,713
367,717
363,720
360,720
356,722
353,725
350,726
347,727
343,731
340,733
336,736
332,738
329,742
326,744
322,747
318,751
314,753
310,757
307,759
304,762
301,765
296,768
293,772
292,776
290,781
289,786
287,791
286,797
286,801
284,807
283,811
282,818
280,821
279,824
279,827
278,830
278,833
279,836
277,839
278,843
278,846
277,849
277,852
277,855
277,858
277,862
278,865
278,869
278,873
279,877
281,880
280,885
281,890
282,893
282,897
284,901
284,904
284,908
285,911
287,916
289,920
288,926
289,931
290,936
291,942
284,937
277,982
275,985
274,988
273,991
273,994
271,997
270,1000
268,1005
266,1008
265,1012
264,1015
263,1019
261,1022
260,1025
259,1028
257,1033
255,1038
254,1041
251,1041
252,1045
250,1050
248,1053
246,1058
245,1062
244,1066
244,1071
243,1076
243,1079
243,1084
242,1087
244,1092
244,1095
247,1098
248,1101
251,1105
252,1108
255,1112
257,1116
258,1119
261,1124
263,1128
265,1131
267,1134
268,1137
